{
    "length": 23.61181434599156,
    "str_em": 32.90436005625879,
    "str_hit": 9.81012658227848,
    "str_em_eq_w": 30.998743718592962,
    "doc_adj_str_em": 0,
    "mauve": 47.87956803597464,
    "citation_rec": 73.89767932489451,
    "citation_prec": 68.60659031545107,
    "citation_rec_eq_w": 75.6420233463035,
    "citation_prec_eq_w": 72.23926380368098
}