{
    "length": 25.68354430379747,
    "str_em": 32.64767932489451,
    "str_hit": 9.071729957805907,
    "str_em_eq_w": 30.71608040201005,
    "doc_adj_str_em": 0,
    "mauve": 62.27154080588322,
    "citation_rec": 72.12653204741812,
    "citation_prec": 69.25406871609404,
    "citation_rec_eq_w": 72.65917602996255,
    "citation_prec_eq_w": 75.16616314199396
}