{
    "length": 27.15717299578059,
    "str_em": 34.7696905766526,
    "str_hit": 10.232067510548523,
    "str_em_eq_w": 33.071608040201006,
    "doc_adj_str_em": 0,
    "mauve": 58.26752248067876,
    "citation_rec": 76.43987341772151,
    "citation_prec": 74.05414908579465,
    "citation_rec_eq_w": 78.77984084880637,
    "citation_prec_eq_w": 77.9265873015873
}