{
    "length": 26.272151898734176,
    "str_em": 34.93319268635724,
    "str_hit": 9.915611814345992,
    "str_em_eq_w": 33.040201005025125,
    "doc_adj_str_em": 0,
    "mauve": 57.83561166589202,
    "citation_rec": 77.06575246132208,
    "citation_prec": 71.4921137231264,
    "citation_rec_eq_w": 79.19799498746868,
    "citation_prec_eq_w": 73.54997943233238
}